N	X	T
0	0	0.004238
1	1	0.008015
1	2	0.015324
2	3	0.026143
1	4	0.040654
2	5	0.056692
2	6	0.076519
3	7	0.097896
1	8	0.120853
2	9	0.14778
2	10	0.176668
3	11	0.206345
2	12	0.237554
3	13	0.273014
3	14	0.31105
4	15	0.348921
1	16	0.388626
2	17	0.429618
2	18	0.4721
3	19	0.518257
2	20	0.566213
3	21	0.617268
3	22	0.667579
4	23	0.719213
2	24	0.772543
3	25	0.831866
3	26	0.891651
4	27	0.951688
3	28	1.01714
4	29	1.08396
4	30	1.15006
5	31	1.21702
1	32	1.28614
2	33	1.35605
2	34	1.42943
3	35	1.50284
2	36	1.57947
3	37	1.65494
3	38	1.74171
4	39	1.82471
2	40	1.90635
3	41	1.99158
3	42	2.07937
4	43	2.16983
3	44	2.26258
4	45	2.35684
4	46	2.44874
5	47	2.54414
2	48	2.63795
3	49	2.73363
3	50	2.83047
4	51	2.92728
3	52	3.02754
4	53	3.13058
4	54	3.23475
5	55	3.3401
3	56	3.44666
4	57	3.55306
4	58	3.66228
5	59	3.77627
4	60	3.88943
5	61	4.02893
5	62	4.15207
6	63	4.27556
1	64	4.39446
2	65	4.51851
2	66	4.65508
3	67	4.77974
2	68	4.90649
3	69	5.03317
3	70	5.16301
4	71	5.29222
2	72	5.42572
3	73	5.56109
3	74	5.69563
4	75	5.83211
3	76	5.97083
4	77	6.10925
4	78	6.25252
5	79	6.39768
2	80	6.54395
3	81	6.68867
3	82	6.83786
4	83	6.98767
3	84	7.13781
4	85	7.29042
4	86	7.44405
5	87	7.60336
3	88	7.75982
4	89	7.91688
4	90	8.07447
5	91	8.23409
4	92	8.39412
