N	X	T
0	0	0.000571
1	1	0.125751
1	2	0.29745
2	3	0.511893
1	4	0.727635
2	5	0.98856
2	6	1.25061
3	7	1.56088
1	8	1.82617
2	9	2.13277
2	10	2.44666
3	11	2.80753
2	12	3.11445
3	13	3.46991
3	14	3.82724
4	15	4.22622
1	16	4.53403
2	17	4.89931
2	18	5.26966
3	19	5.68561
2	20	6.04426
3	21	6.44899
3	22	6.85735
4	23	7.3089
2	24	7.66574
3	25	8.08528
3	26	8.4908
4	27	8.94207
3	28	9.34502
4	29	9.79362
4	30	10.242
5	31	10.7316
1	32	11.0851
2	33	11.4851
2	34	11.8851
3	35	12.3303
2	36	12.7305
3	37	13.1768
3	38	13.6232
4	39	14.1159
2	40	14.5183
3	41	14.9633
3	42	15.4088
4	43	15.8992
3	44	16.3448
4	45	16.8355
4	46	17.3269
5	47	17.8649
2	48	18.2648
3	49	18.7104
3	50	19.1534
4	51	19.644
3	52	20.0882
4	53	20.5799
4	54	21.0709
5	55	21.6087
3	56	22.0542
4	57	22.5441
4	58	23.0347
5	59	23.5685
4	60	24.0577
5	61	24.5941
5	62	25.1316
6	63	25.7152
1	64	26.1151
2	65	26.561
2	66	27.0061
3	67	27.4966
2	68	27.9408
3	69	28.4322
3	70	28.9232
4	71	29.4605
2	72	29.9053
3	73	30.3975
3	74	30.8884
4	75	31.4255
3	76	31.9171
4	77	32.4548
4	78	32.9926
5	79	33.5764
2	80	34.0223
3	81	34.5144
3	82	35.0063
4	83	35.5441
3	84	36.0358
4	85	36.5733
4	86	37.111
5	87	37.6959
3	88	38.1899
4	89	38.7262
4	90	39.266
5	91	39.8494
4	92	40.3842
