N	X	T
0	0	0.003568
1	1	0.007226
1	2	0.013669
2	3	0.023403
1	4	0.036418
2	5	0.050922
2	6	0.069047
3	7	0.088463
1	8	0.109288
2	9	0.133822
2	10	0.159719
3	11	0.187143
2	12	0.217729
3	13	0.250997
3	14	0.286016
4	15	0.321012
1	16	0.358148
2	17	0.396616
2	18	0.436398
3	19	0.479443
2	20	0.524511
3	21	0.57043
3	22	0.621104
4	23	0.669817
2	24	0.72068
3	25	0.775037
3	26	0.828602
4	27	0.883617
3	28	0.945558
4	29	1.00722
4	30	1.07007
5	31	1.13468
1	32	1.20096
2	33	1.26736
2	34	1.3358
3	35	1.40721
2	36	1.47914
3	37	1.55243
3	38	1.6279
4	39	1.7045
2	40	1.78226
3	41	1.8617
3	42	1.94418
4	43	2.02856
3	44	2.11396
4	45	2.20018
4	46	2.28943
5	47	2.37878
2	48	2.47051
3	49	2.56435
3	50	2.65627
4	51	2.75198
3	52	2.84937
4	53	2.94859
4	54	3.0484
5	55	3.15185
3	56	3.25309
4	57	3.35607
4	58	3.46077
5	59	3.56672
4	60	3.67332
5	61	3.78367
5	62	3.89446
6	63	4.00953
1	64	4.12653
2	65	4.243
2	66	4.3614
3	67	4.48169
2	68	4.60539
3	69	4.72785
3	70	4.85403
4	71	4.9794
2	72	5.1068
3	73	5.23498
3	74	5.36564
4	75	5.49845
3	76	5.63383
4	77	5.76905
4	78	5.90442
5	79	6.04307
2	80	6.18017
3	81	6.31979
3	82	6.4587
4	83	6.60059
3	84	6.74288
4	85	6.88607
4	86	7.0335
5	87	7.18089
3	88	7.32925
4	89	7.47976
4	90	7.63233
5	91	7.78723
4	92	7.93958
